0 0 0
1 1 1
1 0 0
2 1 1
2 0 0
3 1 1
3 0 0
4 1 1
4 0 0
5 1 1
5 0 0
6 1 1
6 0 0
7 1 1
7 0 0
8 1 1
8 0 0
9 1 1
9 0 0
10 1 1
10 0 0
11 1 1
0 1 0
1 3 1
1 1 0
2 3 1
2 1 0
3 3 1
3 1 0
4 3 1
4 1 0
5 3 1
5 1 0
6 3 1
6 1 0
7 3 1
7 1 0
8 3 1
8 1 0
9 3 1
9 1 0
10 3 1
10 1 0
11 3 1
0 2 0
1 1 1
1 2 0
2 1 1
2 2 0
3 1 1
3 2 0
4 1 1
4 2 0
5 1 1
5 2 0
6 1 1
6 2 0
7 1 1
7 2 0
8 1 1
8 2 0
9 1 1
9 2 0
10 1 1
10 2 0
11 1 1
0 0 1
1 1 3
1 0 1
2 1 3
2 0 1
3 1 3
3 0 1
4 1 3
4 0 1
5 1 3
5 0 1
6 1 3
6 0 1
7 1 3
7 0 1
8 1 3
8 0 1
9 1 3
9 0 1
10 1 3
10 0 1
11 1 3
0 1 1
1 3 3
1 1 1
2 3 3
2 1 1
3 3 3
3 1 1
4 3 3
4 1 1
5 3 3
5 1 1
6 3 3
6 1 1
7 3 3
7 1 1
8 3 3
8 1 1
9 3 3
9 1 1
10 3 3
10 1 1
11 3 3
0 2 1
1 1 3
1 2 1
2 1 3
2 2 1
3 1 3
3 2 1
4 1 3
4 2 1
5 1 3
5 2 1
6 1 3
6 2 1
7 1 3
7 2 1
8 1 3
8 2 1
9 1 3
9 2 1
10 1 3
10 2 1
11 1 3
0 0 2
1 1 5
1 0 2
2 1 5
2 0 2
3 1 5
3 0 2
4 1 5
4 0 2
5 1 5
5 0 2
6 1 5
6 0 2
7 1 5
7 0 2
8 1 5
8 0 2
9 1 5
9 0 2
10 1 5
10 0 2
11 1 5
0 1 2
1 3 5
1 1 2
2 3 5
2 1 2
3 3 5
3 1 2
4 3 5
4 1 2
5 3 5
5 1 2
6 3 5
6 1 2
7 3 5
7 1 2
8 3 5
8 1 2
9 3 5
9 1 2
10 3 5
10 1 2
11 3 5
0 2 2
1 1 5
1 2 2
2 1 5
2 2 2
3 1 5
3 2 2
4 1 5
4 2 2
5 1 5
5 2 2
6 1 5
6 2 2
7 1 5
7 2 2
8 1 5
8 2 2
9 1 5
9 2 2
10 1 5
10 2 2
11 1 5
0 0 3
1 1 7
1 0 3
2 1 7
2 0 3
3 1 7
3 0 3
4 1 7
4 0 3
5 1 7
5 0 3
6 1 7
6 0 3
7 1 7
7 0 3
8 1 7
8 0 3
9 1 7
9 0 3
10 1 7
10 0 3
11 1 7
0 1 3
1 3 7
1 1 3
2 3 7
2 1 3
3 3 7
3 1 3
4 3 7
4 1 3
5 3 7
5 1 3
6 3 7
6 1 3
7 3 7
7 1 3
8 3 7
8 1 3
9 3 7
9 1 3
10 3 7
10 1 3
11 3 7
0 2 3
1 1 7
1 2 3
2 1 7
2 2 3
3 1 7
3 2 3
4 1 7
4 2 3
5 1 7
5 2 3
6 1 7
6 2 3
7 1 7
7 2 3
8 1 7
8 2 3
9 1 7
9 2 3
10 1 7
10 2 3
11 1 7
0 0 4
1 1 9
1 0 4
2 1 9
2 0 4
3 1 9
3 0 4
4 1 9
4 0 4
5 1 9
5 0 4
6 1 9
6 0 4
7 1 9
7 0 4
8 1 9
8 0 4
9 1 9
9 0 4
10 1 9
10 0 4
11 1 9
0 1 4
1 3 9
1 1 4
2 3 9
2 1 4
3 3 9
3 1 4
4 3 9
4 1 4
5 3 9
5 1 4
6 3 9
6 1 4
7 3 9
7 1 4
8 3 9
8 1 4
9 3 9
9 1 4
10 3 9
10 1 4
11 3 9
0 2 4
1 1 9
1 2 4
2 1 9
2 2 4
3 1 9
3 2 4
4 1 9
4 2 4
5 1 9
5 2 4
6 1 9
6 2 4
7 1 9
7 2 4
8 1 9
8 2 4
9 1 9
9 2 4
10 1 9
10 2 4
11 1 9
0 0 5
1 1 11
1 0 5
2 1 11
2 0 5
3 1 11
3 0 5
4 1 11
4 0 5
5 1 11
5 0 5
6 1 11
6 0 5
7 1 11
7 0 5
8 1 11
8 0 5
9 1 11
9 0 5
10 1 11
10 0 5
11 1 11
0 1 5
1 3 11
1 1 5
2 3 11
2 1 5
3 3 11
3 1 5
4 3 11
4 1 5
5 3 11
5 1 5
6 3 11
6 1 5
7 3 11
7 1 5
8 3 11
8 1 5
9 3 11
9 1 5
10 3 11
10 1 5
11 3 11
0 2 5
1 1 11
1 2 5
2 1 11
2 2 5
3 1 11
3 2 5
4 1 11
4 2 5
5 1 11
5 2 5
6 1 11
6 2 5
7 1 11
7 2 5
8 1 11
8 2 5
9 1 11
9 2 5
10 1 11
10 2 5
11 1 11
0 0 6
1 1 13
1 0 6
2 1 13
2 0 6
3 1 13
3 0 6
4 1 13
4 0 6
5 1 13
5 0 6
6 1 13
6 0 6
7 1 13
7 0 6
8 1 13
8 0 6
9 1 13
9 0 6
10 1 13
10 0 6
11 1 13
0 1 6
1 3 13
1 1 6
2 3 13
2 1 6
3 3 13
3 1 6
4 3 13
4 1 6
5 3 13
5 1 6
6 3 13
6 1 6
7 3 13
7 1 6
8 3 13
8 1 6
9 3 13
9 1 6
10 3 13
10 1 6
11 3 13
0 2 6
1 1 13
1 2 6
2 1 13
2 2 6
3 1 13
3 2 6
4 1 13
4 2 6
5 1 13
5 2 6
6 1 13
6 2 6
7 1 13
7 2 6
8 1 13
8 2 6
9 1 13
9 2 6
10 1 13
10 2 6
11 1 13
0 0 8
1 1 17
1 0 8
2 1 17
2 0 8
3 1 17
3 0 8
4 1 17
4 0 8
5 1 17
5 0 8
6 1 17
6 0 8
7 1 17
7 0 8
8 1 17
8 0 8
9 1 17
9 0 8
10 1 17
10 0 8
11 1 17
0 1 8
1 3 17
1 1 8
2 3 17
2 1 8
3 3 17
3 1 8
4 3 17
4 1 8
5 3 17
5 1 8
6 3 17
6 1 8
7 3 17
7 1 8
8 3 17
8 1 8
9 3 17
9 1 8
10 3 17
10 1 8
11 3 17
0 2 8
1 1 17
1 2 8
2 1 17
2 2 8
3 1 17
3 2 8
4 1 17
4 2 8
5 1 17
5 2 8
6 1 17
6 2 8
7 1 17
7 2 8
8 1 17
8 2 8
9 1 17
9 2 8
10 1 17
10 2 8
11 1 17
0 0 9
1 1 19
1 0 9
2 1 19
2 0 9
3 1 19
3 0 9
4 1 19
4 0 9
5 1 19
5 0 9
6 1 19
6 0 9
7 1 19
7 0 9
8 1 19
8 0 9
9 1 19
9 0 9
10 1 19
10 0 9
11 1 19
0 1 9
1 3 19
1 1 9
2 3 19
2 1 9
3 3 19
3 1 9
4 3 19
4 1 9
5 3 19
5 1 9
6 3 19
6 1 9
7 3 19
7 1 9
8 3 19
8 1 9
9 3 19
9 1 9
10 3 19
10 1 9
11 3 19
0 2 9
1 1 19
1 2 9
2 1 19
2 2 9
3 1 19
3 2 9
4 1 19
4 2 9
5 1 19
5 2 9
6 1 19
6 2 9
7 1 19
7 2 9
8 1 19
8 2 9
9 1 19
9 2 9
10 1 19
10 2 9
11 1 19
0 0 10
1 1 21
1 0 10
2 1 21
2 0 10
3 1 21
3 0 10
4 1 21
4 0 10
5 1 21
5 0 10
6 1 21
6 0 10
7 1 21
7 0 10
8 1 21
8 0 10
9 1 21
9 0 10
10 1 21
10 0 10
11 1 21
0 1 10
1 3 21
1 1 10
2 3 21
2 1 10
3 3 21
3 1 10
4 3 21
4 1 10
5 3 21
5 1 10
6 3 21
6 1 10
7 3 21
7 1 10
8 3 21
8 1 10
9 3 21
9 1 10
10 3 21
10 1 10
11 3 21
0 2 10
1 1 21
1 2 10
2 1 21
2 2 10
3 1 21
3 2 10
4 1 21
4 2 10
5 1 21
5 2 10
6 1 21
6 2 10
7 1 21
7 2 10
8 1 21
8 2 10
9 1 21
9 2 10
10 1 21
10 2 10
11 1 21
0 0 12
1 1 25
1 0 12
2 1 25
2 0 12
3 1 25
3 0 12
4 1 25
4 0 12
5 1 25
5 0 12
6 1 25
6 0 12
7 1 25
7 0 12
8 1 25
8 0 12
9 1 25
9 0 12
10 1 25
10 0 12
11 1 25
0 1 12
1 3 25
1 1 12
2 3 25
2 1 12
3 3 25
3 1 12
4 3 25
4 1 12
5 3 25
5 1 12
6 3 25
6 1 12
7 3 25
7 1 12
8 3 25
8 1 12
9 3 25
9 1 12
10 3 25
10 1 12
11 3 25
0 2 12
1 1 25
1 2 12
2 1 25
2 2 12
3 1 25
3 2 12
4 1 25
4 2 12
5 1 25
5 2 12
6 1 25
6 2 12
7 1 25
7 2 12
8 1 25
8 2 12
9 1 25
9 2 12
10 1 25
10 2 12
11 1 25
0 0 16
1 1 33
1 0 16
2 1 33
2 0 16
3 1 33
3 0 16
4 1 33
4 0 16
5 1 33
5 0 16
6 1 33
6 0 16
7 1 33
7 0 16
8 1 33
8 0 16
9 1 33
9 0 16
10 1 33
10 0 16
11 1 33
0 1 16
1 3 33
1 1 16
2 3 33
2 1 16
3 3 33
3 1 16
4 3 33
4 1 16
5 3 33
5 1 16
6 3 33
6 1 16
7 3 33
7 1 16
8 3 33
8 1 16
9 3 33
9 1 16
10 3 33
10 1 16
11 3 33
0 2 16
1 1 33
1 2 16
2 1 33
2 2 16
3 1 33
3 2 16
4 1 33
4 2 16
5 1 33
5 2 16
6 1 33
6 2 16
7 1 33
7 2 16
8 1 33
8 2 16
9 1 33
9 2 16
10 1 33
10 2 16
11 1 33
0 0 17
1 1 35
1 0 17
2 1 35
2 0 17
3 1 35
3 0 17
4 1 35
4 0 17
5 1 35
5 0 17
6 1 35
6 0 17
7 1 35
7 0 17
8 1 35
8 0 17
9 1 35
9 0 17
10 1 35
10 0 17
11 1 35
0 1 17
1 3 35
1 1 17
2 3 35
2 1 17
3 3 35
3 1 17
4 3 35
4 1 17
5 3 35
5 1 17
6 3 35
6 1 17
7 3 35
7 1 17
8 3 35
8 1 17
9 3 35
9 1 17
10 3 35
10 1 17
11 3 35
0 2 17
1 1 35
1 2 17
2 1 35
2 2 17
3 1 35
3 2 17
4 1 35
4 2 17
5 1 35
5 2 17
6 1 35
6 2 17
7 1 35
7 2 17
8 1 35
8 2 17
9 1 35
9 2 17
10 1 35
10 2 17
11 1 35
0 0 18
1 1 37
1 0 18
2 1 37
2 0 18
3 1 37
3 0 18
4 1 37
4 0 18
5 1 37
5 0 18
6 1 37
6 0 18
7 1 37
7 0 18
8 1 37
8 0 18
9 1 37
9 0 18
10 1 37
10 0 18
11 1 37
0 1 18
1 3 37
1 1 18
2 3 37
2 1 18
3 3 37
3 1 18
4 3 37
4 1 18
5 3 37
5 1 18
6 3 37
6 1 18
7 3 37
7 1 18
8 3 37
8 1 18
9 3 37
9 1 18
10 3 37
10 1 18
11 3 37
0 2 18
1 1 37
1 2 18
2 1 37
2 2 18
3 1 37
3 2 18
4 1 37
4 2 18
5 1 37
5 2 18
6 1 37
6 2 18
7 1 37
7 2 18
8 1 37
8 2 18
9 1 37
9 2 18
10 1 37
10 2 18
11 1 37
0 0 20
1 1 41
1 0 20
2 1 41
2 0 20
3 1 41
3 0 20
4 1 41
4 0 20
5 1 41
5 0 20
6 1 41
6 0 20
7 1 41
7 0 20
8 1 41
8 0 20
9 1 41
9 0 20
10 1 41
10 0 20
11 1 41
0 1 20
1 3 41
1 1 20
2 3 41
2 1 20
3 3 41
3 1 20
4 3 41
4 1 20
5 3 41
5 1 20
6 3 41
6 1 20
7 3 41
7 1 20
8 3 41
8 1 20
9 3 41
9 1 20
10 3 41
10 1 20
11 3 41
0 2 20
1 1 41
1 2 20
2 1 41
2 2 20
3 1 41
3 2 20
4 1 41
4 2 20
5 1 41
5 2 20
6 1 41
6 2 20
7 1 41
7 2 20
8 1 41
8 2 20
9 1 41
9 2 20
10 1 41
10 2 20
11 1 41
0 0 24
1 1 49
1 0 24
2 1 49
2 0 24
3 1 49
3 0 24
4 1 49
4 0 24
5 1 49
5 0 24
6 1 49
6 0 24
7 1 49
7 0 24
8 1 49
8 0 24
9 1 49
9 0 24
10 1 49
10 0 24
11 1 49
0 1 24
1 3 49
1 1 24
2 3 49
2 1 24
3 3 49
3 1 24
4 3 49
4 1 24
5 3 49
5 1 24
6 3 49
6 1 24
7 3 49
7 1 24
8 3 49
8 1 24
9 3 49
9 1 24
10 3 49
10 1 24
11 3 49
0 2 24
1 1 49
1 2 24
2 1 49
2 2 24
3 1 49
3 2 24
4 1 49
4 2 24
5 1 49
5 2 24
6 1 49
6 2 24
7 1 49
7 2 24
8 1 49
8 2 24
9 1 49
9 2 24
10 1 49
10 2 24
11 1 49
0 0 32
1 1 1
1 0 32
2 1 1
2 0 32
3 1 1
3 0 32
4 1 1
4 0 32
5 1 1
5 0 32
6 1 1
6 0 32
7 1 1
7 0 32
8 1 1
8 0 32
9 1 1
9 0 32
10 1 1
10 0 32
11 1 1
0 1 32
1 3 1
1 1 32
2 3 1
2 1 32
3 3 1
3 1 32
4 3 1
4 1 32
5 3 1
5 1 32
6 3 1
6 1 32
7 3 1
7 1 32
8 3 1
8 1 32
9 3 1
9 1 32
10 3 1
10 1 32
11 3 1
0 2 32
1 1 1
1 2 32
2 1 1
2 2 32
3 1 1
3 2 32
4 1 1
4 2 32
5 1 1
5 2 32
6 1 1
6 2 32
7 1 1
7 2 32
8 1 1
8 2 32
9 1 1
9 2 32
10 1 1
10 2 32
11 1 1
0 0 33
1 1 3
1 0 33
2 1 3
2 0 33
3 1 3
3 0 33
4 1 3
4 0 33
5 1 3
5 0 33
6 1 3
6 0 33
7 1 3
7 0 33
8 1 3
8 0 33
9 1 3
9 0 33
10 1 3
10 0 33
11 1 3
0 1 33
1 3 3
1 1 33
2 3 3
2 1 33
3 3 3
3 1 33
4 3 3
4 1 33
5 3 3
5 1 33
6 3 3
6 1 33
7 3 3
7 1 33
8 3 3
8 1 33
9 3 3
9 1 33
10 3 3
10 1 33
11 3 3
0 2 33
1 1 3
1 2 33
2 1 3
2 2 33
3 1 3
3 2 33
4 1 3
4 2 33
5 1 3
5 2 33
6 1 3
6 2 33
7 1 3
7 2 33
8 1 3
8 2 33
9 1 3
9 2 33
10 1 3
10 2 33
11 1 3
0 0 34
1 1 5
1 0 34
2 1 5
2 0 34
3 1 5
3 0 34
4 1 5
4 0 34
5 1 5
5 0 34
6 1 5
6 0 34
7 1 5
7 0 34
8 1 5
8 0 34
9 1 5
9 0 34
10 1 5
10 0 34
11 1 5
0 1 34
1 3 5
1 1 34
2 3 5
2 1 34
3 3 5
3 1 34
4 3 5
4 1 34
5 3 5
5 1 34
6 3 5
6 1 34
7 3 5
7 1 34
8 3 5
8 1 34
9 3 5
9 1 34
10 3 5
10 1 34
11 3 5
0 2 34
1 1 5
1 2 34
2 1 5
2 2 34
3 1 5
3 2 34
4 1 5
4 2 34
5 1 5
5 2 34
6 1 5
6 2 34
7 1 5
7 2 34
8 1 5
8 2 34
9 1 5
9 2 34
10 1 5
10 2 34
11 1 5
0 0 36
1 1 9
1 0 36
2 1 9
2 0 36
3 1 9
3 0 36
4 1 9
4 0 36
5 1 9
5 0 36
6 1 9
6 0 36
7 1 9
7 0 36
8 1 9
8 0 36
9 1 9
9 0 36
10 1 9
10 0 36
11 1 9
0 1 36
1 3 9
1 1 36
2 3 9
2 1 36
3 3 9
3 1 36
4 3 9
4 1 36
5 3 9
5 1 36
6 3 9
6 1 36
7 3 9
7 1 36
8 3 9
8 1 36
9 3 9
9 1 36
10 3 9
10 1 36
11 3 9
0 2 36
1 1 9
1 2 36
2 1 9
2 2 36
3 1 9
3 2 36
4 1 9
4 2 36
5 1 9
5 2 36
6 1 9
6 2 36
7 1 9
7 2 36
8 1 9
8 2 36
9 1 9
9 2 36
10 1 9
10 2 36
11 1 9
0 0 40
1 1 17
1 0 40
2 1 17
2 0 40
3 1 17
3 0 40
4 1 17
4 0 40
5 1 17
5 0 40
6 1 17
6 0 40
7 1 17
7 0 40
8 1 17
8 0 40
9 1 17
9 0 40
10 1 17
10 0 40
11 1 17
0 1 40
1 3 17
1 1 40
2 3 17
2 1 40
3 3 17
3 1 40
4 3 17
4 1 40
5 3 17
5 1 40
6 3 17
6 1 40
7 3 17
7 1 40
8 3 17
8 1 40
9 3 17
9 1 40
10 3 17
10 1 40
11 3 17
0 2 40
1 1 17
1 2 40
2 1 17
2 2 40
3 1 17
3 2 40
4 1 17
4 2 40
5 1 17
5 2 40
6 1 17
6 2 40
7 1 17
7 2 40
8 1 17
8 2 40
9 1 17
9 2 40
10 1 17
10 2 40
11 1 17
0 0 48
1 1 33
1 0 48
2 1 33
2 0 48
3 1 33
3 0 48
4 1 33
4 0 48
5 1 33
5 0 48
6 1 33
6 0 48
7 1 33
7 0 48
8 1 33
8 0 48
9 1 33
9 0 48
10 1 33
10 0 48
11 1 33
0 1 48
1 3 33
1 1 48
2 3 33
2 1 48
3 3 33
3 1 48
4 3 33
4 1 48
5 3 33
5 1 48
6 3 33
6 1 48
7 3 33
7 1 48
8 3 33
8 1 48
9 3 33
9 1 48
10 3 33
10 1 48
11 3 33
0 2 48
1 1 33
1 2 48
2 1 33
2 2 48
3 1 33
3 2 48
4 1 33
4 2 48
5 1 33
5 2 48
6 1 33
6 2 48
7 1 33
7 2 48
8 1 33
8 2 48
9 1 33
9 2 48
10 1 33
10 2 48
11 1 33
0 0 64
1 1 129
1 0 64
2 1 129
2 0 64
3 1 129
3 0 64
4 1 129
4 0 64
5 1 129
5 0 64
6 1 129
6 0 64
7 1 129
7 0 64
8 1 129
8 0 64
9 1 129
9 0 64
10 1 129
10 0 64
11 1 129
0 1 64
1 3 129
1 1 64
2 3 129
2 1 64
3 3 129
3 1 64
4 3 129
4 1 64
5 3 129
5 1 64
6 3 129
6 1 64
7 3 129
7 1 64
8 3 129
8 1 64
9 3 129
9 1 64
10 3 129
10 1 64
11 3 129
0 2 64
1 1 129
1 2 64
2 1 129
2 2 64
3 1 129
3 2 64
4 1 129
4 2 64
5 1 129
5 2 64
6 1 129
6 2 64
7 1 129
7 2 64
8 1 129
8 2 64
9 1 129
9 2 64
10 1 129
10 2 64
11 1 129
163
